0 0
11 0
11 17
16 0
16 8
19 12
27 8
24 42
45 0
36 0
45 12
45 24
37 42
37 45
37 3
45 35
48 35
60 0
60 3
63 35
69 5
74 13
63 0
63 45
76 32
84 0
88 32
90 10
112 0
86 47
95 0
117 20
139 20
140 0
117 35
115 47
115 49
130 42
120 42
150 19
156 19
159 19
133 36
133 39
159 27
159 38
160 0
160 2
150 28
131 49
160 4
142 49
160 8
160 10
160 12
160 16
160 41
170 12
181 10
160 18
174 4
151 32
165 49
177 41
176 0
182 22
169 0
182 31
201 31
202 0
203 36
209 7
209 11
209 14
179 22
212 22
214 36
235 0
185 0
212 23
212 29
214 45
198 2
212 30
215 31
237 23
228 15
214 48
239 23
215 34
221 0
228 20
251 0
241 45
255 9
221 2
261 19
290 0
259 0
261 29
261 37
264 42
276 0
251 9
250 22
264 47
282 47
282 48
285 37
264 5
291 24
294 40
259 5
310 24
294 45
314 0
270 12
283 0
314 8
307 47
310 33
282 49
314 20
314 37
319 45
283 5
320 40
283 7
329 0
319 46
322 37
320 43
336 6
336 11
336 15
331 37
338 33
337 47
342 20
339 0
342 37
348 5
339 31
337 49
346 43
362 31
347 17
366 17
347 18
363 36
329 6
366 38
369 0
379 0
363 47
331 6
366 27
378 27
374 46
347 19
338 37
381 38
384 0
339 24
339 5
339 45
385 5
378 32
385 18
371 5
385 43
389 23
371 14
393 5
393 10
393 15
397 0
399 30
412 37
401 37
415 18
412 47
415 5
401 39
403 23
415 7
415 31
419 13
426 17
434 19
427 0
433 3
440 33
386 23
440 40
443 7
412 49
444 13
429 47
426 19
450 46
452 0
455 18
455 23
470 4
431 19
456 40
470 32
419 36
456 44
473 11
471 18
473 37
473 42
480 44
485 22
452 4
488 29
474 0
461 4
488 34
489 36
439 13
439 15
490 17
493 4
492 42
502 0
495 21
446 0
495 36
496 44
496 9
503 38
503 43
503 46
458 45
510 16
514 29
513 46
517 20
496 34
471 22
522 0
470 37
495 38
497 9
522 5
521 34
524 20
527 36
522 46
528 5
528 12
498 4
532 0
535 31
536 5
540 19
542 43
549 12
539 0
552 43
540 27
546 0
546 3
522 31
497 35
554 36
502 35
498 9
556 19
554 39
554 40
569 3
556 26
510 20
557 31
528 19
571 39
573 27
580 17
583 0
587 33
583 12
528 43
587 43
557 33
590 24
591 0
569 47
607 4
596 33
596 37
591 4
569 17
575 33
564 3
596 39
597 12
609 42
613 21
615 39
621 29
636 0
615 45
599 47
575 37
602 4
636 9
627 21
642 36
606 4
609 0
646 0
650 36
646 5
656 19
651 29
636 36
642 48
642 49
661 32
664 9
672 14
607 21
672 20
685 0
674 0
668 46
689 26
656 28
689 33
623 0
674 29
689 37
664 14
698 37
636 19
702 12
705 22
714 0
689 48
705 28
714 6
650 20
718 12
720 28
717 34
726 19
672 26
726 35
737 35
718 48
726 25
739 0
733 28
665 0
733 29
666 0
742 35
739 7
742 44
745 8
744 19
745 15
759 23
726 39
764 31
754 0
758 44
734 39
692 43
764 39
770 44
744 23
774 6
702 22
774 13
760 19
777 0
760 20
781 20
783 20
784 6
791 25
726 46
785 39
792 25
787 13
803 13
790 0
792 33
795 44
803 0
770 49
739 8
754 31
807 6
820 20
810 38
787 16
754 33
821 30
824 13
783 25
822 0
797 46
825 35
809 46
833 42
836 0
840 7
824 25
809 47
844 35
762 6
840 14
840 19
779 20
840 21
810 20
841 47
846 0
846 3
824 29
847 30
783 18
860 21
791 38
784 30
862 14
825 42
848 25
863 0
822 5
865 19
869 5
856 27
791 35
869 33
869 42
873 30
879 13
847 33
857 47
879 21
816 20
884 27
885 37
870 0
841 49
876 0
896 13
821 35
884 0
867 49
887 27
897 3
872 48
865 24
887 33
883 49
904 36
905 24
906 36
850 29
916 13
889 13
856 33
916 17
836 7
901 0
905 32
841 42
916 24
924 0
916 33
924 36
924 43
930 36
856 34
924 11
938 11
913 49
943 17
934 31
930 40
873 13
939 0
887 36
958 17
940 0
884 3
940 6
943 30
950 0
948 35
951 42
954 30
